90V/20A/85W	10	20	30	40	50	60	70	80	90	100
1.00E-07	0.3434099	0.3124496	0.2812282	0.2497981	0.2183373	0.1868214	0.1553138	0.1238226	0.09345239	0.06454872
1.12E-07	0.3465162	0.3156857	0.2845343	0.2532149	0.2218435	0.190431	0.159037	0.1276103	0.09704354	0.06801539
1.26E-07	0.3496209	0.3188876	0.2878474	0.2566438	0.2253777	0.194047	0.1627417	0.1313712	0.1008317	0.07159582
1.42E-07	0.3526465	0.3220326	0.2910809	0.259989	0.2288065	0.1975817	0.1663669	0.1350671	0.1044995	0.07511003
1.59E-07	0.3556555	0.3251242	0.2942659	0.2632994	0.2322108	0.2010873	0.1699659	0.1387493	0.1082033	0.07866821
1.79E-07	0.358625	0.3282062	0.2974505	0.2665583	0.2355756	0.2042624	0.1735084	0.14237	0.111858	0.08223873
2.01E-07	0.3615687	0.3312499	0.3005991	0.2698052	0.2389241	0.207965	0.1770575	0.1459822	0.1155204	0.08576436
2.25E-07	0.3644995	0.3342619	0.3037258	0.2730166	0.2422307	0.211374	0.1805567	0.149559	0.1191167	0.08930752
2.53E-07	0.3674012	0.3372687	0.3068297	0.2762343	0.2455367	0.2147709	0.1840525	0.1531273	0.1227301	0.0928418
2.84E-07	0.370294	0.3402644	0.3099146	0.2794157	0.2488257	0.2181646	0.1875311	0.1566913	0.1263319	0.09641633
3.19E-07	0.373182	0.3432422	0.3129958	0.2825981	0.2520967	0.2215334	0.1910026	0.1602412	0.1299625	0.100022
3.59E-07	0.3760683	0.3462178	0.3160675	0.2857904	0.2553686	0.2248919	0.1944607	0.1637925	0.1335647	0.1036192
4.03E-07	0.3789231	0.3491879	0.3191356	0.2889092	0.2586245	0.2282498	0.1979084	0.1673305	0.1371589	0.1072257
4.52E-07	0.3817953	0.3521531	0.3221963	0.2920814	0.2618845	0.2316036	0.2013537	0.1708688	0.1407622	0.110852
5.08E-07	0.3846575	0.3551139	0.3252526	0.2952366	0.2651317	0.2349491	0.2047986	0.1743942	0.1443704	0.1144714
5.71E-07	0.3875249	0.3580685	0.3283051	0.2983867	0.2683816	0.2382914	0.2081303	0.1779251	0.1479711	0.1180969
6.41E-07	0.3903773	0.361019	0.3313564	0.3015284	0.2716291	0.2416343	0.2116495	0.1814518	0.1515618	0.1217503
7.20E-07	0.3932335	0.3639738	0.3344021	0.304681	0.2748693	0.2449753	0.215086	0.1849784	0.1551794	0.125398
8.08E-07	0.396084	0.366924	0.3374491	0.3078215	0.2781107	0.2483134	0.2185215	0.1885007	0.1587828	0.1290454
9.08E-07	0.3989314	0.3698669	0.3404921	0.3109653	0.2813488	0.251648	0.221949	0.1920303	0.1623893	0.1327028
1.02E-06	0.4017829	0.3728182	0.3435361	0.3141035	0.2845907	0.2549792	0.2253774	0.1955502	0.16599	0.1363771
1.15E-06	0.4046143	0.3757465	0.3465648	0.3172223	0.2878094	0.2583067	0.2287941	0.1990557	0.1695829	0.1400184
1.29E-06	0.4074726	0.3786962	0.34961	0.3203626	0.2910507	0.261643	0.2322249	0.2025814	0.1731932	0.1437007
1.44E-06	0.4103182	0.3816425	0.352657	0.3235111	0.29429	0.2649785	0.235658	0.2061041	0.1768106	0.1473889
1.62E-06	0.4131501	0.3845811	0.3556914	0.3266393	0.2975204	0.2683063	0.2390781	0.2095158	0.1804159	0.1510758
1.82E-06	0.4160134	0.3875325	0.3587372	0.3297864	0.300761	0.2716421	0.2425078	0.2131208	0.1840366	0.1547681
2.05E-06	0.4188571	0.390469	0.3617683	0.3329181	0.3039874	0.2749674	0.2459275	0.2166389	0.1876422	0.1584544
2.30E-06	0.4217063	0.3934138	0.3648128	0.3360544	0.3072254	0.2783007	0.2493588	0.2201617	0.1912609	0.1621559
2.58E-06	0.4245521	0.396356	0.3678539	0.3391928	0.3104622	0.2816324	0.2527858	0.2236853	0.1948678	0.1658573
2.90E-06	0.4273955	0.3992985	0.3708912	0.3423269	0.3136913	0.2849613	0.2562091	0.2272033	0.1984836	0.1695546
3.26E-06	0.4302444	0.4022399	0.3739309	0.345463	0.3169263	0.2882941	0.2596386	0.2307292	0.2021061	0.1732604
3.66E-06	0.4330859	0.4051834	0.376969	0.3485992	0.3201577	0.291623	0.2630659	0.2342494	0.205725	0.1769638
4.11E-06	0.4359326	0.4081249	0.3800085	0.3517372	0.3233922	0.2949563	0.2664919	0.2377739	0.2093423	0.180668
4.61E-06	0.4387657	0.4110664	0.3830484	0.3548743	0.3266267	0.2982878	0.2699194	0.2412976	0.2129411	0.184376
5.18E-06	0.4416254	0.4140115	0.3860908	0.3580095	0.3298601	0.3016208	0.2733487	0.2448207	0.2165752	0.1880828
5.82E-06	0.4444751	0.4169547	0.3891307	0.3611487	0.3330943	0.3049532	0.2767765	0.2483448	0.2201964	0.1917925
6.53E-06	0.447321	0.4198985	0.3921711	0.364287	0.3363272	0.3082842	0.2802037	0.2518696	0.2238134	0.1955004
7.34E-06	0.4501705	0.4228433	0.3952135	0.3674265	0.3395612	0.3116186	0.2836354	0.2553965	0.2274374	0.1992141
8.24E-06	0.4530161	0.4257844	0.398253	0.3705623	0.3427984	0.3149509	0.2870632	0.25892	0.2310535	0.202921
9.26E-06	0.4558663	0.4287293	0.4012929	0.3737017	0.3460323	0.3182847	0.2904901	0.2624476	0.2346828	0.2066355
1.04E-05	0.4587144	0.4316766	0.4043278	0.3768407	0.3492675	0.3216191	0.2939212	0.265977	0.2383078	0.210341
1.17E-05	0.4615583	0.4346181	0.4073656	0.3799763	0.3524978	0.3249517	0.2973461	0.2695095	0.2419347	0.2140678
1.31E-05	0.4644032	0.4375593	0.4104081	0.3831126	0.3557318	0.3282775	0.3007727	0.2730367	0.2455523	0.2177756
1.47E-05	0.4672499	0.4405021	0.4134462	0.3862521	0.3589667	0.3316125	0.3042014	0.2765647	0.2491702	0.2214991
1.65E-05	0.4701021	0.443451	0.4164962	0.3893962	0.3622085	0.3349512	0.3076375	0.2800983	0.2527925	0.2252257
1.86E-05	0.4729487	0.4463924	0.4195301	0.3925303	0.3654406	0.3382812	0.3110647	0.2836223	0.2564114	0.2289394
2.09E-05	0.475796	0.4493352	0.4225736	0.3956685	0.3686733	0.3416137	0.3144917	0.2871473	0.2600327	0.2326558
2.34E-05	0.4786439	0.4522811	0.4256178	0.3988093	0.3719129	0.3449488	0.3179237	0.2906758	0.2636597	0.2363766
2.63E-05	0.4814925	0.4552242	0.4286591	0.4019473	0.3751462	0.3482811	0.32135	0.2941999	0.2672743	0.240094
2.96E-05	0.4843357	0.4581622	0.4316935	0.4050814	0.3783758	0.3516099	0.3247758	0.2977224	0.270895	0.2438061
3.32E-05	0.4871843	0.4611087	0.4347403	0.4082212	0.3816142	0.3549435	0.3282068	0.3012495	0.2745217	0.247525
3.73E-05	0.490031	0.4640499	0.4377792	0.4113581	0.3848474	0.3582745	0.3316346	0.304774	0.2781408	0.2512363
4.19E-05	0.4928787	0.4669957	0.4408236	0.4144981	0.3880836	0.3616094	0.3350666	0.3083014	0.2817687	0.2549566
4.70E-05	0.4957265	0.469939	0.4438649	0.417636	0.3913185	0.3649418	0.338496	0.3118286	0.2853928	0.2586727
5.28E-05	0.4985738	0.4728821	0.4469044	0.4207728	0.394552	0.3682719	0.3419228	0.3153522	0.2890137	0.2623861
5.93E-05	0.50142	0.4758252	0.4499452	0.4239111	0.3977868	0.3715999	0.345352	0.3188787	0.292634	0.2661043
6.66E-05	0.5042709	0.4787716	0.4529879	0.427052	0.4010248	0.3749394	0.348783	0.3224081	0.2962624	0.2698235
7.48E-05	0.5071203	0.4817152	0.4560305	0.430191	0.4042606	0.3782727	0.3522121	0.3259359	0.2998911	0.273542
8.40E-05	0.5099666	0.4846588	0.4590711	0.4333289	0.4074966	0.3816054	0.3556405	0.3294629	0.3035147	0.2772545
9.44E-05	0.5128174	0.4876061	0.4621134	0.4364699	0.4107342	0.3849402	0.3590724	0.332994	0.3071419	0.2809837
0.000106012	0.5156695	0.4905513	0.4651557	0.4396108	0.4139721	0.388277	0.3625045	0.336527	0.3107599	0.2847066
0.000119	0.5185072	0.4934845	0.4681842	0.4427379	0.4171941	0.391597	0.3659208	0.3400423	0.3143724	0.2884128
0.000133696	0.5213674	0.4964397	0.4712405	0.4458878	0.4204409	0.3949432	0.3693633	0.3435835	0.3180101	0.2921442
0.000150159	0.524222	0.4993882	0.4742867	0.4490308	0.4236822	0.3982804	0.3727959	0.347116	0.3216349	0.2958668
0.000168608	0.5270692	0.502332	0.4773262	0.4521686	0.4269148	0.4016125	0.3762239	0.3506423	0.3252589	0.2995885
0.00018936	0.5299237	0.5052817	0.4803729	0.4553115	0.4301559	0.4049515	0.3796553	0.3541747	0.3288866	0.3033125
0.000212709	0.5327851	0.5082382	0.4834236	0.4584611	0.4334032	0.4082956	0.3830953	0.357713	0.3325223	0.307049
0.000238872	0.5356385	0.5111881	0.4864705	0.4616053	0.4366439	0.4116339	0.3865298	0.3612474	0.3361517	0.310775
0.00026827	0.5385001	0.5141414	0.4895206	0.4647524	0.4398868	0.4149749	0.3899671	0.3647834	0.3397825	0.3145028
0.000301317	0.5413646	0.5170996	0.4925749	0.4679044	0.4431365	0.4183211	0.3934093	0.3683248	0.3434185	0.3182365
0.000338417	0.5442295	0.5200586	0.4956299	0.4710546	0.4463868	0.4216675	0.3968511	0.3718664	0.3470535	0.3219713
0.000380073	0.5470966	0.5230197	0.4986869	0.4742079	0.4496369	0.4250137	0.4002947	0.3754078	0.3506921	0.3257036
0.000426887	0.5499693	0.5259841	0.5017474	0.477365	0.4528908	0.4283639	0.4037423	0.3789542	0.3543335	0.3294425
0.00047938	0.5528393	0.5289465	0.5048068	0.4805205	0.4561419	0.4317125	0.4071885	0.3824966	0.3579704	0.3331788
0.000538431	0.5557133	0.5319202	0.507874	0.4836832	0.4594023	0.4350693	0.4106418	0.3860466	0.3616177	0.3369226
0.00060469	0.558596	0.5348907	0.510942	0.486845	0.4626624	0.4384254	0.4140937	0.3895968	0.3652639	0.3406683
0.000679139	0.5614848	0.537869	0.514016	0.4900137	0.4659285	0.4417859	0.4175535	0.3931519	0.3689157	0.3444161
0.000762741	0.5643786	0.5408526	0.5170925	0.4931859	0.4691966	0.445151	0.4210148	0.3967092	0.3725687	0.3481667
0.000856657	0.5672768	0.5438405	0.5201743	0.4963628	0.4724715	0.44852	0.4244819	0.4002722	0.3762273	0.3519218
0.000962118	0.5701815	0.5468339	0.5232617	0.4995454	0.4757491	0.4518944	0.4279509	0.4038382	0.3798916	0.3556798
0.001080594	0.5730918	0.5498307	0.5263517	0.5027305	0.4790306	0.4552705	0.4314245	0.407407	0.3835595	0.3594405
0.001213568	0.5760111	0.5528369	0.5294505	0.5059236	0.4823186	0.4586544	0.434906	0.4109824	0.387234	0.3632096
0.001363124	0.5789445	0.5558542	0.5325617	0.5091287	0.4856198	0.4620506	0.4383984	0.4145702	0.3909184	0.3669904
0.001530482	0.5818794	0.5588722	0.5356697	0.5123296	0.4889162	0.4654421	0.4418853	0.4181529	0.3945979	0.3707642
0.001719006	0.5848336	0.5619091	0.5387982	0.5155503	0.4922315	0.468853	0.4453925	0.4217559	0.3982958	0.3745596
0.001930578	0.587799	0.5649549	0.5419347	0.5187789	0.4955549	0.4722717	0.4489067	0.4253645	0.4020002	0.3783616
0.002168583	0.5907853	0.5680199	0.5450877	0.5220255	0.4988947	0.4757078	0.4524375	0.4289899	0.4057213	0.3821798
0.002435721	0.5937852	0.5710968	0.5482535	0.5252808	0.5022452	0.4791523	0.4559778	0.4326245	0.4094513	0.3860084
0.002735196	0.5967995	0.5741849	0.5514286	0.5285451	0.505603	0.4826067	0.4595253	0.4362663	0.413189	0.3898436
0.003072286	0.5998424	0.5772974	0.554627	0.5318341	0.5089843	0.4860841	0.4630956	0.4399323	0.4169486	0.3937006
0.003450161	0.6029047	0.5804269	0.5578399	0.5351359	0.5123785	0.4895726	0.4666776	0.4436082	0.4207191	0.3975666
0.003874839	0.6059953	0.5835817	0.5610785	0.5384598	0.5157954	0.4930842	0.4702803	0.447305	0.4245131	0.401454
0.004351821	0.6091163	0.5867634	0.5643402	0.5418079	0.5192333	0.496618	0.4739052	0.451025	0.4283279	0.4053629
0.004887737	0.6122726	0.5899754	0.5676308	0.5451838	0.5226995	0.5001765	0.4775553	0.4547691	0.4321693	0.4092969
0.005489394	0.6154659	0.5932195	0.5709518	0.5485867	0.5261918	0.5037623	0.4812327	0.4585377	0.4360353	0.4132573
0.006165431	0.6187037	0.5965034	0.5743077	0.5520249	0.5297185	0.5073805	0.4849418	0.4623396	0.439934	0.4172482
0.006923913	0.6219871	0.5998241	0.5777009	0.5554953	0.5332775	0.5110296	0.4886819	0.466172	0.4438615	0.4212663
0.007776487	0.6253284	0.6031971	0.5811402	0.5590113	0.5368794	0.5147216	0.492464	0.4700467	0.4478303	0.4253253
0.008734001	0.6287297	0.6066208	0.5846286	0.562573	0.5405269	0.5184574	0.496289	0.4739623	0.4518413	0.429424
0.009809167	0.6321973	0.6101049	0.5881715	0.5661868	0.5442244	0.5222418	0.5001632	0.4779263	0.4558986	0.4335683
0.0110152	0.635727	0.6136372	0.5917589	0.5698405	0.5479605	0.5260635	0.5040725	0.4819264	0.4599895	0.4377476
0.01237022	0.6393552	0.6172586	0.59543	0.5735757	0.5517744	0.5299621	0.508058	0.4859994	0.464152	0.4419999
0.01389474	0.6430883	0.6209702	0.5991861	0.5773917	0.555668	0.533937	0.5121211	0.4901496	0.4683875	0.446327
0.01560572	0.646927	0.6247733	0.6030269	0.5812863	0.5596389	0.5379887	0.5162565	0.4943717	0.4726935	0.4507236
0.01752525	0.6508843	0.628677	0.6069617	0.5852705	0.5636963	0.5421242	0.5204758	0.498674	0.4770797	0.4551991
0.01968676	0.6549842	0.6327118	0.6110174	0.5893714	0.567865	0.5463704	0.5248033	0.5030832	0.4815713	0.4597774
0.02210577	0.6592281	0.6368628	0.6151819	0.5935712	0.5721332	0.5507109	0.5292241	0.5075848	0.4861525	0.4644454
0.02483133	0.6636537	0.6411781	0.6195001	0.5979187	0.5765449	0.5551934	0.5337818	0.5122212	0.4908685	0.4692456
0.02788734	0.6682686	0.6456547	0.6239667	0.6024066	0.58109	0.5598068	0.5384693	0.5169863	0.4957092	0.4741681
0.03132287	0.6731068	0.6503228	0.6286117	0.6070639	0.5858017	0.5645827	0.5433158	0.5219049	0.5007044	0.4792429
0.03517659	0.6781818	0.655198	0.6334488	0.6119029	0.5906888	0.5695282	0.5483289	0.5269896	0.5058622	0.4844764
0.03950805	0.6835282	0.6603184	0.638511	0.6169531	0.5957816	0.5746776	0.5535415	0.5322698	0.5112119	0.4899004
0.04436821	0.6891837	0.6656945	0.6438149	0.6222353	0.6010951	0.5800441	0.5589668	0.537758	0.5167668	0.4955282
0.04983271	0.6951905	0.671376	0.6494059	0.6277841	0.6066709	0.5856652	0.564643	0.5434941	0.5225649	0.5013947
0.05596806	0.7015814	0.6773881	0.655304	0.6336246	0.6125305	0.591565	0.5705932	0.5494978	0.5286271	0.5075219
0.06285401	0.7084073	0.6837753	0.6615473	0.6397971	0.6187105	0.5977721	0.576847	0.5558007	0.5349845	0.5139393
0.07059372	0.7157174	0.690594	0.6681906	0.6463408	0.6252529	0.6043367	0.5834507	0.5624493	0.5416801	0.5206926
0.07928573	0.723582	0.6978868	0.6752703	0.6533031	0.6322036	0.6113002	0.5904425	0.5694781	0.548752	0.5278142
0.08904633	0.7320594	0.7057041	0.6828455	0.6607357	0.6396024	0.6187023	0.5978692	0.5769324	0.5562429	0.5353515
0.1000062	0.7412221	0.7141277	0.6909783	0.6686897	0.6475132	0.6266015	0.6057824	0.5848649	0.5642083	0.5433531
